ISO28178							
							
DESCRIPTOR	APTEC_PC11_CCNB_2023_v1						
ORIGINATOR	"Advanced Printing Technology Centre (APTEC), http://aptec.hkprinters.org/en/index.html"						
CREATED	July 2023						
TARGET_TYPE	ISO12642-2						
INSTRUMENTATION	"D50, 2 degree, geometry 45/0, no polarisation filter, white backing, according to ISO 13655:2009 M1"						
PRINT_CONDITIONS	Sheet-fed offset printing according to ISO 12647-2:2013 Printing Substrate 11 Clay Coated News Back(CCNB)						
MEASUREMENT_SOURCE	"MeasurementCondition=M1	Filter=D50"						
ILLUMINATION_NAME	D50						
OBSERVER_ANGLE	2						
FILTER	M1						
WEIGHTING_FUNCTION	"ILLUMINANT,	D50"						
WEIGHTING_FUNCTION	"OBSERVER,	2 degree"						
KEYWORD	TRACEABILITY						
TRACEABILITY	NIST						
							
NUMBER_OF_FIELDS	8						
BEGIN_DATA_FORMAT							
SAMPLE_ID	CMYK_C	CMYK_M	CMYK_Y	CMYK_K	LAB_L	LAB_A	LAB_B
END_DATA_FORMAT							
							
NUMBER_OF_SETS	1617						
BEGIN_DATA							
1	0	100	20	0	44.13	69.53	6.71
2	0	85	20	0	49.97	58.19	5.1
3	0	70	20	0	56.22	46.54	5
4	0	55	20	0	62.79	35.16	5.83
5	0	40	20	0	69.54	24.18	7.43
6	0	30	20	0	74.12	17.16	8.77
7	0	20	20	0	78.71	10.5	10.38
8	0	10	20	0	83.33	4.21	12.43
9	0	0	20	0	87.92	-1.78	14.6
10	0	100	10	0	44.16	70.54	2.31
11	0	85	10	0	50.15	59.34	-0.13
12	0	70	10	0	56.5	47.74	-0.93
13	0	55	10	0	63.18	36.37	-0.66
14	0	40	10	0	69.97	25.49	0.38
15	0	30	10	0	74.59	18.55	1.3
16	0	20	10	0	79.23	11.93	2.5
17	0	10	10	0	83.89	5.6	3.92
18	0	0	10	0	88.53	-0.35	5.73
19	0	100	0	0	44.18	71.64	-2.01
20	0	85	0	0	50.3	60.51	-5.23
21	0	70	0	0	56.8	49.07	-6.8
22	0	55	0	0	63.58	37.75	-7.09
23	0	40	0	0	70.46	26.96	-6.69
24	0	30	0	0	75.09	20.11	-6.12
25	0	20	0	0	79.76	13.57	-5.3
26	0	10	0	0	84.45	7.31	-4.27
27	0	0	0	0	89.17	1.27	-3.08
28	0	100	0	20	36.64	60.23	-2.85
29	0	70	0	20	47.57	40.6	-5.96
30	0	40	0	20	59.1	22.02	-5.61
31	0	20	0	20	66.77	10.91	-4.39
32	0	10	0	20	70.53	5.84	-3.57
33	0	0	0	20	74.27	1	-2.6
34	10	100	20	0	41.69	65.49	2.5
35	10	85	20	0	47.39	54.21	0.94
36	10	70	20	0	53.61	42.5	0.99
37	10	55	20	0	60.02	31.19	1.88
38	10	40	20	0	66.57	20.34	3.42
39	10	30	20	0	71.01	13.43	4.73
40	10	20	20	0	75.45	6.88	6.27
41	10	10	20	0	79.91	0.7	8.15
42	10	0	20	0	84.2	-5.13	9.68
43	10	100	10	0	41.72	66.59	-1.87
44	10	85	10	0	47.58	55.44	-4.25
45	10	70	10	0	53.9	43.8	-4.87
46	10	55	10	0	60.41	32.53	-4.56
47	10	40	10	0	67.01	21.79	-3.57
48	10	30	10	0	71.49	14.96	-2.65
49	10	20	10	0	75.98	8.46	-1.52
50	10	10	10	0	80.49	2.23	-0.26
51	10	0	10	0	84.82	-3.54	0.91
52	10	100	0	0	41.87	67.58	-6.11
53	10	85	0	0	47.84	56.53	-9.22
54	10	70	0	0	54.19	45	-10.52
55	10	55	0	0	60.8	33.82	-10.84
56	10	40	0	0	67.49	23.19	-10.49
57	10	30	0	0	72.02	16.4	-9.99
58	10	20	0	0	76.57	9.95	-9.24
59	10	10	0	0	81.12	3.79	-8.35
60	10	0	0	0	85.52	-1.94	-7.78
61	10	100	0	20	34.86	56.93	-6.1
62	10	70	0	20	45.6	37.2	-9.06
63	10	40	0	20	56.86	18.81	-8.74
64	10	20	0	20	64.25	7.9	-7.66
65	10	10	0	20	67.89	2.92	-6.93
66	10	0	0	20	71.51	-1.8	-6.23
67	20	100	20	0	39.27	61.31	-1.66
68	20	85	20	0	44.95	49.95	-3
69	20	70	20	0	51.01	38.32	-2.94
70	20	55	20	0	57.24	27.12	-2.04
71	20	40	20	0	63.6	16.43	-0.53
72	20	30	20	0	67.89	9.64	0.72
73	20	20	20	0	72.16	3.22	2.06
74	20	10	20	0	76.35	-2.82	3.37
75	20	0	20	0	80.48	-8.53	4.77
76	20	100	10	0	39.41	62.31	-5.93
77	20	85	10	0	45.14	51.07	-7.98
78	20	70	10	0	51.29	39.52	-8.6
79	20	55	10	0	57.62	28.41	-8.35
80	20	40	10	0	64.06	17.77	-7.45
81	20	30	10	0	68.41	11.04	-6.61
82	20	20	10	0	72.73	4.68	-5.66
83	20	10	10	0	76.98	-1.3	-4.96
84	20	0	10	0	81.15	-6.95	-3.91
85	20	100	0	0	39.56	63.43	-10.15
86	20	85	0	0	45.38	52.3	-12.92
87	20	70	0	0	51.59	40.89	-14.21
88	20	55	0	0	58.01	29.87	-14.57
89	20	40	0	0	64.55	19.35	-14.29
90	20	30	0	0	68.95	12.67	-13.86
91	20	20	0	0	73.33	6.36	-13.29
92	20	10	0	0	77.61	0.45	-12.96
93	20	0	0	0	81.86	-5.14	-12.5
94	20	100	0	20	33.06	53.6	-9.32
95	20	70	0	20	43.61	33.81	-12.14
96	20	40	0	20	54.55	15.65	-11.89
97	20	20	0	20	61.7	4.94	-10.97
98	20	10	0	20	65.22	0.06	-10.48
99	20	0	0	20	68.7	-4.55	-9.88
100	30	100	20	0	36.92	56.79	-5.78
101	30	85	20	0	42.44	45.44	-6.98
102	30	70	20	0	48.36	33.87	-6.86
103	30	55	20	0	54.4	22.79	-6
104	30	40	20	0	60.58	12.23	-4.59
105	30	30	20	0	64.73	5.54	-3.48
106	30	20	20	0	68.8	-0.69	-2.56
107	30	10	20	0	72.82	-6.6	-1.38
108	30	0	20	0	76.79	-12.19	-0.08
109	30	100	10	0	37.06	57.93	-10.03
110	30	85	10	0	42.63	46.72	-11.9
111	30	70	10	0	48.65	35.24	-12.45
112	30	55	10	0	54.79	24.27	-12.24
113	30	40	10	0	61.05	13.77	-11.43
114	30	30	10	0	65.26	7.16	-10.72
115	30	20	10	0	69.37	0.98	-10.18
116	30	10	10	0	73.45	-4.87	-9.6
117	30	0	10	0	77.47	-10.39	-8.64
118	30	100	0	0	37.17	59.15	-14.29
119	30	85	0	0	42.84	48.07	-16.88
120	30	70	0	0	48.92	36.79	-18.06
121	30	55	0	0	55.17	25.9	-18.45
122	30	40	0	0	61.52	15.51	-18.25
123	30	30	0	0	65.78	8.97	-17.93
124	30	20	0	0	69.95	2.89	-17.73
125	30	10	0	0	74.08	-2.89	-17.52
126	30	0	0	0	78.21	-8.34	-17.13
127	40	100	0	20	29.24	46.26	-16.19
128	40	70	0	20	39.49	26.77	-18.59
129	40	40	0	20	49.62	9.15	-18.67
130	40	20	0	20	56.32	-1.03	-18.19
131	40	10	0	20	59.58	-5.74	-17.9
132	40	0	0	20	62.76	-10.23	-17.56
133	40	100	20	0	34.54	52.06	-9.96
134	40	85	20	0	39.92	40.79	-11.08
135	40	70	20	0	45.68	29.29	-10.92
136	40	55	20	0	51.54	18.33	-10.06
137	40	40	20	0	57.51	7.94	-8.83
138	40	30	20	0	61.53	1.36	-7.95
139	40	20	20	0	65.43	-4.74	-7.15
140	40	10	20	0	69.3	-10.53	-6.05
141	40	0	20	0	73.08	-15.98	-4.88
142	40	100	10	0	34.65	53.31	-14.24
143	40	85	10	0	40.1	42.23	-16
144	40	70	10	0	45.95	30.84	-16.5
145	40	55	10	0	51.92	19.97	-16.28
146	40	40	10	0	57.97	9.67	-15.61
147	40	30	10	0	62.04	3.19	-15.1
148	40	20	10	0	66	-2.83	-14.68
149	40	10	10	0	69.96	-8.55	-14.15
150	40	0	10	0	73.79	-13.93	-13.32
151	40	100	0	0	34.7	54.67	-18.56
152	40	85	0	0	40.25	43.74	-21.04
153	40	70	0	0	46.2	32.59	-22.1
154	40	55	0	0	52.28	21.81	-22.47
155	40	40	0	0	58.43	11.64	-22.4
156	40	30	0	0	62.56	5.28	-22.21
157	40	20	0	0	66.57	-0.65	-22.12
158	40	10	0	0	70.58	-6.28	-21.98
159	40	0	0	0	74.56	-11.58	-21.7
160	70	100	0	20	23.74	33.86	-26.35
161	70	70	0	20	33.13	15.06	-28.5
162	70	40	0	20	42.23	-1.09	-28.99
163	70	20	0	20	48.07	-10.6	-29.12
164	70	10	0	20	50.86	-14.98	-29.18
165	70	0	0	20	53.59	-19.11	-29.18
166	55	100	20	0	31.02	44.48	-16.18
167	55	85	20	0	36.2	33.38	-17.14
168	55	70	20	0	41.72	22	-16.92
169	55	55	20	0	47.31	11.28	-16.21
170	55	40	20	0	52.97	1.2	-15.29
171	55	30	20	0	56.75	-5.13	-14.57
172	55	20	20	0	60.45	-11	-13.91
173	55	10	20	0	64.05	-16.57	-13.03
174	55	0	20	0	67.58	-21.8	-12.04
175	55	100	10	0	31.09	46	-20.46
176	55	85	10	0	36.36	35.15	-22.03
177	55	70	10	0	41.98	23.89	-22.45
178	55	55	10	0	47.68	13.27	-22.33
179	55	40	10	0	53.43	3.34	-21.91
180	55	30	10	0	57.26	-2.9	-21.57
181	55	20	10	0	61.02	-8.68	-21.27
182	55	10	10	0	64.75	-14.16	-20.95
183	55	0	10	0	68.32	-19.31	-20.29
184	55	100	0	0	31.12	47.71	-24.73
185	55	85	0	0	36.49	37.01	-26.97
186	55	70	0	0	42.24	25.98	-27.97
187	55	55	0	0	48.06	15.5	-28.38
188	55	40	0	0	53.9	5.73	-28.54
189	55	30	0	0	57.79	-0.39	-28.51
190	55	20	0	0	61.6	-6.06	-28.55
191	55	10	0	0	65.38	-11.45	-28.57
192	55	0	0	0	69.11	-16.51	-28.5
193	100	100	0	20	19.34	18.88	-35.55
194	100	70	0	20	27.19	2.58	-37.99
195	100	40	0	20	34.99	-12.3	-39.2
196	100	20	0	20	40	-21.01	-39.83
197	100	10	0	20	42.43	-25.08	-40.1
198	100	0	0	20	44.8	-28.87	-40.36
199	70	100	20	0	27.68	36.38	-22.2
200	70	85	20	0	32.63	25.42	-23.06
201	70	70	20	0	37.9	14.26	-22.86
202	70	55	20	0	43.25	3.71	-22.26
203	70	40	20	0	48.55	-5.94	-21.6
204	70	30	20	0	52.09	-12.02	-21.1
205	70	20	20	0	55.53	-17.67	-20.62
206	70	10	20	0	58.87	-22.99	-19.92
207	70	0	20	0	62.14	-28	-19.15
208	70	100	10	0	27.69	38.26	-26.44
209	70	85	10	0	32.81	27.54	-27.85
210	70	70	10	0	38.17	16.53	-28.27
211	70	55	10	0	43.64	6.21	-28.19
212	70	40	10	0	49.04	-3.31	-28.01
213	70	30	10	0	52.63	-9.26	-27.86
214	70	20	10	0	56.13	-14.82	-27.76
215	70	10	10	0	59.58	-20.04	-27.67
216	70	0	10	0	62.89	-24.98	-27.22
217	70	100	0	0	27.68	40.36	-30.68
218	70	85	0	0	32.91	29.82	-32.73
219	70	70	0	0	38.43	19.02	-33.69
220	70	55	0	0	44.02	8.89	-34.09
221	70	40	0	0	49.52	-0.45	-34.46
222	70	30	0	0	53.16	-6.27	-34.61
223	70	20	0	0	56.72	-11.71	-34.83
224	70	10	0	0	60.23	-16.84	-35.07
225	70	0	0	0	63.68	-21.68	-35.26
226	0	100	10	20	36.62	59.29	0.82
227	0	70	10	20	47.32	39.53	-1.09
228	0	40	10	20	58.7	20.8	0.23
229	0	20	10	20	66.27	9.64	2.04
230	0	10	10	20	69.98	4.52	3.17
231	0	0	10	20	73.73	-0.37	4.4
232	85	100	20	0	24.72	27.47	-27.66
233	85	85	20	0	29.39	16.74	-28.58
234	85	70	20	0	34.43	5.82	-28.46
235	85	55	20	0	39.39	-4.2	-28.13
236	85	40	20	0	44.32	-13.47	-27.73
237	85	30	20	0	47.56	-19.22	-27.42
238	85	20	20	0	50.74	-24.61	-27.22
239	85	10	20	0	53.82	-29.75	-26.71
240	85	0	20	0	56.86	-34.61	-26.13
241	85	100	10	0	24.7	29.75	-31.85
242	85	85	10	0	29.56	19.24	-33.25
243	85	70	10	0	34.69	8.52	-33.73
244	85	55	10	0	39.77	-1.31	-33.89
245	85	40	10	0	44.8	-10.41	-33.99
246	85	30	10	0	48.08	-16.05	-34.01
247	85	20	10	0	51.31	-21.33	-34.16
248	85	10	10	0	54.52	-26.37	-34.27
249	85	0	10	0	57.6	-31.14	-34
250	85	100	0	0	24.66	32.29	-36.19
251	85	85	0	0	29.63	22.01	-38.21
252	85	70	0	0	35.01	11.59	-38.94
253	85	55	0	0	40.22	2.05	-39.61
254	85	40	0	0	45.34	-6.86	-40.24
255	85	30	0	0	48.69	-12.22	-40.59
256	85	20	0	0	51.97	-17.34	-41.05
257	85	10	0	0	55.21	-22.25	-41.49
258	85	0	0	0	58.26	-26.81	-41.86
259	10	100	10	20	34.74	55.82	-2.63
260	10	70	10	20	45.33	36.03	-4.31
261	10	40	10	20	56.42	17.49	-2.96
262	10	20	10	20	63.72	6.57	-1.24
263	10	10	10	20	67.32	1.52	-0.21
264	10	0	10	20	70.87	-3.27	0.74
265	100	100	20	0	21.78	17.61	-33.35
266	100	85	20	0	26.3	7.12	-34.11
267	100	70	20	0	31.01	-3.36	-34.15
268	100	55	20	0	35.6	-12.94	-34.05
269	100	40	20	0	40.13	-21.65	-33.96
270	100	30	20	0	43.11	-27.19	-33.84
271	100	20	20	0	45.96	-32.35	-33.8
272	100	10	20	0	48.82	-37.33	-33.47
273	100	0	20	0	51.63	-42	-33.12
274	100	100	10	0	21.73	20.37	-37.55
275	100	85	10	0	26.52	10.29	-38.58
276	100	70	10	0	31.33	-0.04	-39.21
277	100	55	10	0	36.05	-9.36	-39.61
278	100	40	10	0	40.65	-17.75	-39.99
279	100	30	10	0	43.69	-23.11	-40.21
280	100	20	10	0	46.58	-28.16	-40.52
281	100	10	10	0	49.4	-32.92	-40.82
282	100	0	10	0	52.25	-37.49	-40.76
283	100	100	0	0	21.39	22.38	-42.38
284	100	85	0	0	26.6	13.55	-43.42
285	100	70	0	0	31.66	3.54	-44.29
286	100	55	0	0	36.49	-5.48	-45.19
287	100	40	0	0	41.2	-13.67	-46.1
288	100	30	0	0	44.29	-18.73	-46.63
289	100	20	0	0	47.23	-23.61	-47.24
290	100	10	0	0	50.09	-28.23	-47.86
291	100	0	0	0	52.91	-32.6	-48.44
292	20	100	10	20	32.94	52.41	-5.83
293	20	70	10	20	43.34	32.51	-7.4
294	20	40	10	20	54.11	14.2	-6.14
295	20	20	10	20	61.16	3.47	-4.62
296	20	10	10	20	64.64	-1.47	-3.84
297	20	0	10	20	68.06	-6.17	-2.99
298	0	100	55	0	43.96	66.92	22.46
299	0	85	55	0	49.4	55.43	23.91
300	0	70	55	0	55.32	43.73	26.61
301	0	55	55	0	61.61	32.21	29.92
302	0	40	55	0	68.11	21.12	33.88
303	0	30	55	0	72.54	14.02	36.67
304	0	20	55	0	77.01	7.31	39.75
305	0	10	55	0	81.54	0.91	43.03
306	0	0	55	0	86.05	-5.19	46.32
307	0	100	40	0	44.04	67.91	15.64
308	0	85	40	0	49.65	56.44	15.71
309	0	70	40	0	55.69	44.72	17.13
310	0	55	40	0	62.09	33.23	19.43
311	0	40	40	0	68.72	22.13	22.31
312	0	30	40	0	73.2	15.06	24.51
313	0	20	40	0	77.7	8.4	27.08
314	0	10	40	0	82.26	2.04	29.84
315	0	0	40	0	86.81	-4.02	32.62
316	0	100	30	0	44.1	68.63	11.18
317	0	85	30	0	49.8	57.22	10.39
318	0	70	30	0	55.94	45.55	10.97
319	0	55	30	0	62.43	34.1	12.5
320	0	40	30	0	69.12	23.04	14.75
321	0	30	30	0	73.66	15.98	16.47
322	0	20	30	0	78.2	9.36	18.65
323	0	10	30	0	82.78	3.02	21.09
324	0	0	30	0	87.35	-3	23.57
325	40	100	10	20	29.23	44.99	-12.54
326	40	70	10	20	39.26	25.21	-13.81
327	40	40	10	20	49.25	7.5	-12.87
328	40	20	10	20	55.83	-2.87	-11.91
329	40	10	10	20	59.04	-7.67	-11.34
330	40	0	10	20	62.16	-12.22	-10.69
331	10	100	55	0	41.47	62.66	18.2
332	10	85	55	0	46.79	51.17	19.64
333	10	70	55	0	52.68	39.35	22.3
334	10	55	55	0	58.82	27.9	25.57
335	10	40	55	0	65.13	16.89	29.41
336	10	30	55	0	69.42	9.86	32.14
337	10	20	55	0	73.75	3.24	35.12
338	10	10	55	0	78.11	-3.08	38.23
339	10	0	55	0	82.26	-9.02	41.07
340	10	100	40	0	41.57	63.74	11.46
341	10	85	40	0	47.04	52.29	11.54
342	10	70	40	0	53.05	40.52	12.99
343	10	55	40	0	59.3	29.09	15.26
344	10	40	40	0	65.74	18.1	18.03
345	10	30	40	0	70.08	11.1	20.18
346	10	20	40	0	74.44	4.52	22.65
347	10	10	40	0	78.83	-1.75	25.24
348	10	0	40	0	83.03	-7.66	27.51
349	10	100	30	0	41.63	64.54	6.96
350	10	85	30	0	47.21	53.15	6.21
351	10	70	30	0	53.32	41.4	6.91
352	10	55	30	0	59.64	30.03	8.45
353	10	40	30	0	66.15	19.09	10.61
354	10	30	30	0	70.54	12.14	12.31
355	10	20	30	0	74.94	5.6	14.4
356	10	10	30	0	79.36	-0.64	16.66
357	10	0	30	0	83.6	-6.51	18.56
358	70	100	10	20	23.73	32.02	-22.74
359	70	70	10	20	32.89	13.01	-23.81
360	70	40	10	20	41.85	-3.48	-23.45
361	70	20	10	20	47.57	-13.2	-23.14
362	70	10	10	20	50.33	-17.67	-22.94
363	70	0	10	20	53.01	-21.88	-22.66
364	20	100	55	0	39	58.2	13.96
365	20	85	55	0	44.31	46.6	15.47
366	20	70	55	0	50.05	34.83	18.07
367	20	55	55	0	56.02	23.46	21.25
368	20	40	55	0	62.14	12.54	25
369	20	30	55	0	66.29	5.6	27.63
370	20	20	55	0	70.45	-0.92	30.43
371	20	10	55	0	74.48	-7.1	33.05
372	20	0	55	0	78.48	-12.96	35.74
373	20	100	40	0	39.12	59.38	7.24
374	20	85	40	0	44.57	47.86	7.45
375	20	70	40	0	50.43	36.11	8.91
376	20	55	40	0	56.51	24.78	11.14
377	20	40	40	0	62.75	13.93	13.86
378	20	30	40	0	66.96	7.03	15.91
379	20	20	40	0	71.14	0.56	18.18
380	20	10	40	0	75.24	-5.58	20.24
381	20	0	40	0	79.28	-11.38	22.37
382	20	100	30	0	39.2	60.27	2.75
383	20	85	30	0	44.76	48.79	2.21
384	20	70	30	0	50.71	37.13	2.9
385	20	55	30	0	56.86	25.84	4.46
386	20	40	30	0	63.17	15.05	6.58
387	20	30	30	0	67.42	8.21	8.2
388	20	20	30	0	71.65	1.78	10.09
389	20	10	30	0	75.79	-4.31	11.76
390	20	0	30	0	79.88	-10.07	13.53
391	100	100	10	20	19.27	16.36	-31.98
392	100	70	10	20	26.91	-0.43	-33.59
393	100	40	10	20	34.57	-15.66	-34.04
394	100	20	10	20	39.54	-24.7	-34.19
395	100	10	10	20	41.93	-28.86	-34.22
396	100	0	10	20	44.33	-32.8	-34.2
397	30	100	55	0	36.57	53.52	9.72
398	30	85	55	0	41.78	41.93	11.22
399	30	70	55	0	47.39	30.14	13.8
400	30	55	55	0	53.18	18.82	16.89
401	30	40	55	0	59.1	7.99	20.51
402	30	30	55	0	63.1	1.16	23
403	30	20	55	0	67	-5.24	25.44
404	30	10	55	0	70.88	-11.33	27.92
405	30	0	55	0	74.71	-17.09	30.49
406	30	100	40	0	36.69	54.78	3.01
407	30	85	40	0	42.06	43.24	3.32
408	30	70	40	0	47.78	31.51	4.82
409	30	55	40	0	53.67	20.28	6.97
410	30	40	40	0	59.7	9.57	9.6
411	30	30	40	0	63.76	2.78	11.51
412	30	20	40	0	67.73	-3.57	13.36
413	30	10	40	0	71.67	-9.59	15.28
414	30	0	40	0	75.55	-15.31	17.31
415	30	100	30	0	36.79	55.77	-1.42
416	30	85	30	0	42.25	44.32	-1.89
417	30	70	30	0	48.07	32.66	-1.1
418	30	55	30	0	54.03	21.48	0.38
419	30	40	30	0	60.12	10.85	2.42
420	30	30	30	0	64.23	4.11	3.9
421	30	20	30	0	68.24	-2.18	5.38
422	30	10	30	0	72.22	-8.16	6.92
423	30	0	30	0	76.15	-13.82	8.59
424	0	100	20	20	36.59	58.4	4.58
425	0	70	20	20	47.08	38.55	3.84
426	0	40	20	20	58.3	19.75	6.07
427	0	20	20	20	65.78	8.51	8.54
428	0	10	20	20	69.5	3.33	9.96
429	0	0	20	20	73.2	-1.59	11.5
430	40	100	55	0	34.17	48.39	5.4
431	40	85	55	0	39.24	36.81	6.91
432	40	70	55	0	44.69	25.04	9.43
433	40	55	55	0	50.3	13.76	12.45
434	40	40	55	0	56	3.09	15.88
435	40	30	55	0	59.87	-3.66	18.15
436	40	20	55	0	63.6	-9.94	20.45
437	40	10	55	0	67.33	-15.94	22.84
438	40	0	55	0	70.98	-21.59	25.27
439	40	100	40	0	34.3	49.83	-1.19
440	40	85	40	0	39.53	38.34	-0.88
441	40	70	40	0	45.09	26.64	0.61
442	40	55	40	0	50.8	15.47	2.71
443	40	40	40	0	56.61	4.92	5.15
444	40	30	40	0	60.53	-1.77	6.87
445	40	20	40	0	64.34	-8	8.59
446	40	10	40	0	68.12	-13.92	10.42
447	40	0	40	0	71.83	-19.53	12.32
448	40	100	30	0	34.41	50.88	-5.65
449	40	85	30	0	39.73	39.48	-6.05
450	40	70	30	0	45.38	27.89	-5.24
451	40	55	30	0	51.17	16.81	-3.78
452	40	40	30	0	57.05	6.35	-1.91
453	40	30	30	0	61.03	-0.3	-0.66
454	40	20	30	0	64.87	-6.45	0.68
455	40	10	30	0	68.69	-12.31	2.13
456	40	0	30	0	72.44	-17.84	3.65
457	10	100	20	20	34.69	54.89	1.12
458	10	70	20	20	45.08	34.96	0.6
459	10	40	20	20	56.01	16.33	2.85
460	10	20	20	20	63.22	5.32	5.22
461	10	10	20	20	66.82	0.23	6.53
462	10	0	20	20	70.34	-4.62	7.76
463	55	100	55	0	30.7	40.02	-0.92
464	55	85	55	0	35.53	28.45	0.55
465	55	70	55	0	40.72	16.69	2.97
466	55	55	55	0	46.05	5.65	5.77
467	55	40	55	0	51.45	-4.76	8.83
468	55	30	55	0	55.08	-11.31	10.9
469	55	20	55	0	58.57	-17.41	13.04
470	55	10	55	0	62.03	-23.23	15.19
471	55	0	55	0	65.44	-28.7	17.42
472	55	100	40	0	30.85	41.72	-7.5
473	55	85	40	0	35.83	30.33	-7.1
474	55	70	40	0	41.14	18.73	-5.62
475	55	55	40	0	46.58	7.77	-3.69
476	55	40	40	0	52.09	-2.54	-1.67
477	55	30	40	0	55.77	-9	-0.13
478	55	20	40	0	59.32	-15.01	1.43
479	55	10	40	0	62.85	-20.74	3.04
480	55	0	40	0	66.31	-26.15	4.74
481	55	100	30	0	30.95	43.06	-11.86
482	55	85	30	0	36.04	31.75	-12.15
483	55	70	30	0	41.44	20.27	-11.33
484	55	55	30	0	46.96	9.43	-10.02
485	55	40	30	0	52.53	-0.78	-8.55
486	55	30	30	0	56.26	-7.2	-7.48
487	55	20	30	0	59.86	-13.14	-6.28
488	55	10	30	0	63.42	-18.78	-5.04
489	55	0	30	0	66.92	-24.12	-3.7
490	20	100	20	20	32.8	51.3	-2.28
491	20	70	20	20	43.07	31.34	-2.61
492	20	40	20	20	53.67	12.97	-0.36
493	20	20	20	20	60.64	2.15	1.83
494	20	10	20	20	64.07	-2.87	2.87
495	20	0	20	20	67.45	-7.61	3.99
496	70	100	55	0	27.4	30.78	-7.31
497	70	85	55	0	31.98	19.31	-5.84
498	70	70	55	0	36.9	7.74	-3.55
499	70	55	55	0	42.01	-3.17	-1
500	70	40	55	0	47.06	-13.22	1.82
501	70	30	55	0	50.43	-19.5	3.7
502	70	20	55	0	53.68	-25.42	5.62
503	70	10	55	0	56.89	-31.04	7.55
504	70	0	55	0	60.02	-36.34	9.53
505	70	100	40	0	27.54	32.93	-13.71
506	70	85	40	0	32.27	21.65	-13.27
507	70	70	40	0	37.31	10.25	-11.88
508	70	55	40	0	42.52	-0.57	-10.14
509	70	40	40	0	47.68	-10.47	-8.4
510	70	30	40	0	51.12	-16.7	-7.02
511	70	20	40	0	54.41	-22.49	-5.67
512	70	10	40	0	57.68	-28.01	-4.25
513	70	0	40	0	60.88	-33.22	-2.81
514	70	100	30	0	27.62	34.6	-17.95
515	70	85	30	0	32.47	23.46	-18.18
516	70	70	30	0	37.62	12.19	-17.42
517	70	55	30	0	42.88	1.51	-16.24
518	70	40	30	0	48.12	-8.3	-15.03
519	70	30	30	0	51.6	-14.43	-14.2
520	70	20	30	0	54.95	-20.17	-13.17
521	70	10	30	0	58.24	-25.58	-12.12
522	70	0	30	0	61.47	-30.7	-11.01
523	40	100	20	20	29.14	43.75	-8.91
524	40	70	20	20	39	23.8	-9.06
525	40	40	20	20	48.84	6.01	-7.14
526	40	20	20	20	55.33	-4.52	-5.59
527	40	10	20	20	58.49	-9.38	-4.74
528	40	0	20	20	61.57	-13.99	-3.83
529	85	100	55	0	24.38	20.54	-13.42
530	85	85	55	0	28.65	9.2	-12.1
531	85	70	55	0	33.38	-2.26	-9.93
532	85	55	55	0	38.13	-12.71	-7.65
533	85	40	55	0	42.82	-22.41	-5.14
534	85	30	55	0	45.94	-28.46	-3.46
535	85	20	55	0	48.94	-34.19	-1.8
536	85	10	55	0	51.9	-39.65	-0.1
537	85	0	55	0	54.79	-44.89	1.58
538	85	100	40	0	24.53	23.28	-19.57
539	85	85	40	0	28.96	12.19	-19.22
540	85	70	40	0	33.79	0.87	-17.91
541	85	55	40	0	38.63	-9.46	-16.44
542	85	40	40	0	43.41	-19	-15.01
543	85	30	40	0	46.6	-24.98	-13.81
544	85	20	40	0	49.65	-30.57	-12.67
545	85	10	40	0	52.66	-35.9	-11.5
546	85	0	40	0	55.59	-41.04	-10.29
547	85	100	30	0	24.65	25.3	-23.58
548	85	85	30	0	29.21	14.35	-23.89
549	85	70	30	0	34.12	3.25	-23.22
550	85	55	30	0	39.01	-6.9	-22.33
551	85	40	30	0	43.86	-16.36	-21.41
552	85	30	30	0	47.06	-22.21	-20.76
553	85	20	30	0	50.15	-27.7	-19.96
554	85	10	30	0	53.2	-32.93	-19.14
555	85	0	30	0	56.18	-37.93	-18.25
556	70	100	20	20	23.69	30.37	-19.15
557	70	70	20	20	32.63	11.11	-19.15
558	70	40	20	20	41.45	-5.68	-17.97
559	70	20	20	20	47.07	-15.57	-17.1
560	70	10	20	20	49.81	-20.13	-16.62
561	70	0	20	20	52.46	-24.41	-16.1
562	100	100	55	0	21.35	9.22	-19.8
563	100	85	55	0	25.46	-2.2	-18.44
564	100	70	55	0	29.88	-13.41	-16.44
565	100	55	55	0	34.27	-23.46	-14.43
566	100	40	55	0	38.63	-32.79	-12.16
567	100	30	55	0	41.51	-38.67	-10.71
568	100	20	55	0	44.27	-44.27	-9.25
569	100	10	55	0	46.96	-49.63	-7.81
570	100	0	55	0	49.62	-54.72	-6.38
571	100	100	40	0	21.58	12.52	-25.5
572	100	85	40	0	25.82	1.52	-25.17
573	100	70	40	0	30.33	-9.47	-24.04
574	100	55	40	0	34.8	-19.37	-22.82
575	100	40	40	0	39.18	-28.49	-21.66
576	100	30	40	0	42.13	-34.27	-20.69
577	100	20	40	0	44.97	-39.69	-19.72
578	100	10	40	0	47.73	-44.91	-18.75
579	100	0	40	0	50.43	-49.86	-17.79
580	100	100	30	0	21.74	15	-29.31
581	100	85	30	0	26.07	4.24	-29.62
582	100	70	30	0	30.67	-6.56	-29.12
583	100	55	30	0	35.19	-16.27	-28.47
584	100	40	30	0	39.63	-25.26	-27.85
585	100	30	30	0	42.57	-30.89	-27.38
586	100	20	30	0	45.45	-36.23	-26.75
587	100	10	30	0	48.27	-41.31	-26.1
588	100	0	30	0	51.02	-46.12	-25.46
589	100	100	20	20	19.2	14.07	-28.43
590	100	70	20	20	26.64	-3.19	-29.23
591	100	40	20	20	34.2	-18.82	-28.92
592	100	20	20	20	39.1	-28.05	-28.55
593	100	10	20	20	41.52	-32.35	-28.29
594	100	0	20	20	43.88	-36.38	-28.05
595	0	100	100	0	44.41	66.83	43.65
596	0	85	100	0	48.44	54.55	48.94
597	0	70	100	0	54.11	43.27	55.19
598	0	55	100	0	60.32	31.55	61.77
599	0	40	100	0	66.62	20.47	68.63
600	0	30	100	0	70.89	13.43	73.33
601	0	20	100	0	75.21	6.63	78.17
602	0	10	100	0	79.59	0.07	83.09
603	0	0	100	0	84.01	-6.28	88.07
604	0	100	85	0	43.64	65.4	36.4
605	0	85	85	0	48.81	54.17	40.9
606	0	70	85	0	54.48	43	45.91
607	0	55	85	0	60.66	31.44	51.28
608	0	40	85	0	67.06	20.2	57.12
609	0	30	85	0	71.39	13.07	61.1
610	0	20	85	0	75.78	6.38	65.33
611	0	10	85	0	80.23	-0.04	69.7
612	0	0	85	0	84.65	-6.35	74.04
613	0	100	70	0	43.84	66.01	29.31
614	0	85	70	0	49.13	54.67	32.39
615	0	70	70	0	54.93	43.01	36.38
616	0	55	70	0	61.1	31.62	40.69
617	0	40	70	0	67.53	20.46	45.51
618	0	30	70	0	71.92	13.3	48.89
619	0	20	70	0	76.35	6.56	52.54
620	0	10	70	0	80.84	0.14	56.32
621	0	0	70	0	85.32	-5.97	60.12
622	0	100	40	20	36.48	56.8	12.23
623	0	70	40	20	46.64	36.93	13.89
624	0	40	40	20	57.54	18.08	18.51
625	0	20	40	20	64.88	6.68	22.14
626	0	10	40	20	68.53	1.41	24.21
627	0	0	40	20	72.17	-3.63	26.35
628	10	100	100	0	40.95	60.33	38.21
629	10	85	100	0	45.86	49.75	43.84
630	10	70	100	0	51.55	38.29	50.17
631	10	55	100	0	57.52	26.76	56.65
632	10	40	100	0	63.6	15.79	63.33
633	10	30	100	0	67.75	8.74	67.98
634	10	20	100	0	71.95	1.96	72.7
635	10	10	100	0	76.19	-4.54	77.48
636	10	0	100	0	80.34	-10.52	82.13
637	10	100	85	0	41.18	60.69	31.55
638	10	85	85	0	46.23	49.41	35.96
639	10	70	85	0	51.93	38.06	41.09
640	10	55	85	0	57.87	26.7	46.38
641	10	40	85	0	64.05	15.57	52.08
642	10	30	85	0	68.26	8.47	56.01
643	10	20	85	0	72.52	1.81	60.13
644	10	10	85	0	76.81	-4.54	64.32
645	10	0	85	0	80.96	-10.5	68.37
646	10	100	70	0	41.34	61.74	25.03
647	10	85	70	0	46.51	50.35	28.03
648	10	70	70	0	52.29	38.55	31.87
649	10	55	70	0	58.31	27.16	36.14
650	10	40	70	0	64.55	16.07	40.82
651	10	30	70	0	68.8	9.01	44.17
652	10	20	70	0	73.08	2.36	47.73
653	10	10	70	0	77.41	-3.99	51.34
654	10	0	70	0	81.51	-9.92	54.72
655	10	100	40	20	34.59	53.17	8.71
656	10	70	40	20	44.61	33.14	10.55
657	10	40	40	20	55.25	14.49	15.05
658	10	20	40	20	62.32	3.28	18.54
659	10	10	40	20	65.84	-1.92	20.49
660	10	0	40	20	69.31	-6.83	22.4
661	20	100	100	0	38.51	55.27	33.16
662	20	85	100	0	43.47	44.51	38.91
663	20	70	100	0	48.97	33.08	45.11
664	20	55	100	0	54.69	21.76	51.5
665	20	40	100	0	60.61	10.8	58.09
666	20	30	100	0	64.63	3.79	62.62
667	20	20	100	0	68.67	-2.87	67.17
668	20	10	100	0	72.67	-9.06	71.66
669	20	0	100	0	76.66	-14.98	76.13
670	20	100	85	0	38.7	56.08	27.12
671	20	85	85	0	43.75	44.62	31.39
672	20	70	85	0	49.29	33.25	36.42
673	20	55	85	0	55.08	21.91	41.62
674	20	40	85	0	61.05	10.91	47.23
675	20	30	85	0	65.13	3.9	51.05
676	20	20	85	0	69.2	-2.67	54.99
677	20	10	85	0	73.15	-8.87	58.8
678	20	0	85	0	77.15	-14.76	62.69
679	20	100	70	0	38.87	57.17	20.7
680	20	85	70	0	44.05	45.6	23.6
681	20	70	70	0	49.67	33.82	27.38
682	20	55	70	0	55.52	22.48	31.57
683	20	40	70	0	61.57	11.54	36.19
684	20	30	70	0	65.68	4.55	39.45
685	20	20	70	0	69.78	-1.99	42.82
686	20	10	70	0	73.77	-8.18	46.05
687	20	0	70	0	77.72	-14.03	49.27
688	20	100	40	20	32.69	49.45	5.23
689	20	70	40	20	42.58	29.32	7.23
690	20	40	40	20	52.9	10.91	11.67
691	20	20	40	20	59.72	-0.14	14.96
692	20	10	40	20	63.08	-5.24	16.64
693	20	0	40	20	66.41	-10.08	18.43
694	30	100	100	0	36.12	50.2	28.27
695	30	85	100	0	41.01	39.36	34.02
696	30	70	100	0	46.3	27.88	40.11
697	30	55	100	0	51.84	16.55	46.34
698	30	40	100	0	57.57	5.63	52.81
699	30	30	100	0	61.44	-1.27	57.17
700	30	20	100	0	65.28	-7.67	61.49
701	30	10	100	0	69.12	-13.78	65.81
702	30	0	100	0	72.93	-19.57	70.24
703	30	100	85	0	36.3	51.27	22.63
704	30	85	85	0	41.27	39.72	26.76
705	30	70	85	0	46.64	28.23	31.74
706	30	55	85	0	52.25	16.9	36.8
707	30	40	85	0	58.02	6	42.26
708	30	30	85	0	61.95	-0.89	45.96
709	30	20	85	0	65.76	-7.29	49.61
710	30	10	85	0	69.55	-13.39	53.25
711	30	0	85	0	73.38	-19.16	57.1
712	30	100	70	0	36.43	52.38	16.33
713	30	85	70	0	41.51	40.8	19.21
714	30	70	70	0	47.01	28.99	22.94
715	30	55	70	0	52.67	17.66	27.01
716	30	40	70	0	58.52	6.8	31.5
717	30	30	70	0	62.47	-0.08	34.6
718	30	20	70	0	66.32	-6.52	37.6
719	30	10	70	0	70.16	-12.61	40.68
720	30	0	70	0	73.95	-18.39	43.75
721	40	100	40	20	28.87	41.45	-1.64
722	40	70	40	20	38.49	21.38	0.64
723	40	40	40	20	48.02	3.34	4.56
724	40	20	40	20	54.34	-7.4	7.32
725	40	10	40	20	57.44	-12.35	8.82
726	40	0	40	20	60.47	-17.06	10.41
727	40	100	100	0	33.82	45.06	23.56
728	40	85	100	0	38.51	34.05	29.15
729	40	70	100	0	43.62	22.41	35.09
730	40	55	100	0	48.98	11.02	41.2
731	40	40	100	0	54.48	0.27	47.43
732	40	30	100	0	58.2	-6.43	51.64
733	40	20	100	0	61.87	-12.73	55.79
734	40	10	100	0	65.55	-18.71	60.09
735	40	0	100	0	69.17	-24.35	64.42
736	40	100	85	0	33.95	46.13	18.1
737	40	85	85	0	38.77	34.56	22.15
738	40	70	85	0	43.95	22.9	26.95
739	40	55	85	0	49.37	11.52	31.93
740	40	40	85	0	54.93	0.76	37.2
741	40	30	85	0	58.69	-5.97	40.72
742	40	20	85	0	62.34	-12.26	44.18
743	40	10	85	0	65.98	-18.28	47.7
744	40	0	85	0	69.62	-23.88	51.46
745	40	100	70	0	34.03	47.26	11.96
746	40	85	70	0	38.98	35.65	14.76
747	40	70	70	0	44.32	23.85	18.37
748	40	55	70	0	49.81	12.49	22.38
749	40	40	70	0	55.45	1.75	26.65
750	40	30	70	0	59.23	-5.01	29.55
751	40	20	70	0	62.93	-11.34	32.4
752	40	10	70	0	66.6	-17.34	35.36
753	40	0	70	0	70.19	-23.02	38.29
754	70	100	40	20	23.61	27.33	-11.85
755	70	70	40	20	32.22	7.82	-9.61
756	70	40	40	20	40.72	-9.46	-6.78
757	70	20	40	20	46.18	-19.63	-4.8
758	70	10	40	20	48.84	-24.32	-3.7
759	70	0	40	20	51.46	-28.77	-2.55
760	55	100	100	0	30.43	36.44	16.62
761	55	85	100	0	34.82	25.11	21.91
762	55	70	100	0	39.7	13.26	27.64
763	55	55	100	0	44.77	2.1	33.47
764	55	40	100	0	49.94	-8.25	39.34
765	55	30	100	0	53.4	-14.77	43.26
766	55	20	100	0	56.81	-20.84	47.28
767	55	10	100	0	60.22	-26.61	51.36
768	55	0	100	0	63.58	-32.15	55.28
769	55	100	85	0	30.48	37.51	11.44
770	55	85	85	0	35.07	25.89	15.27
771	55	70	85	0	40.01	14.04	19.88
772	55	55	85	0	45.17	2.85	24.62
773	55	40	85	0	50.37	-7.62	29.47
774	55	30	85	0	53.89	-14.15	32.73
775	55	20	85	0	57.28	-20.28	35.96
776	55	10	85	0	60.65	-26.12	39.21
777	55	0	85	0	64.02	-31.62	42.56
778	55	100	70	0	30.56	38.63	5.49
779	55	85	70	0	35.27	27.01	8.18
780	55	70	70	0	40.34	15.19	11.65
781	55	55	70	0	45.57	4	15.41
782	55	40	70	0	50.88	-6.45	19.28
783	55	30	70	0	54.43	-13.03	21.96
784	55	20	70	0	57.87	-19.2	24.65
785	55	10	70	0	61.29	-25.01	27.35
786	55	0	70	0	64.63	-30.54	30.05
787	100	100	40	20	19.01	9.76	-21.43
788	100	70	40	20	26.12	-8.16	-20.56
789	100	40	40	20	33.51	-24.38	-18.48
790	100	20	40	20	38.38	-34.04	-17
791	100	10	40	20	40.7	-38.53	-16.21
792	100	0	40	20	42.94	-42.79	-15.42
793	70	100	100	0	27.16	26.75	9.86
794	70	85	100	0	31.31	15.03	14.79
795	70	70	100	0	35.9	3.29	20.21
796	70	55	100	0	40.71	-7.52	25.67
797	70	40	100	0	45.49	-17.52	31.1
798	70	30	100	0	48.7	-23.85	34.72
799	70	20	100	0	51.85	-29.76	38.36
800	70	10	100	0	54.97	-35.47	41.91
801	70	0	100	0	58.05	-40.88	45.39
802	70	100	85	0	27.2	27.66	4.9
803	70	85	85	0	31.5	15.95	8.45
804	70	70	85	0	36.19	4.16	12.81
805	70	55	85	0	41.1	-6.71	17.19
806	70	40	85	0	45.97	-16.85	21.74
807	70	30	85	0	49.22	-23.17	24.68
808	70	20	85	0	52.36	-29.13	27.67
809	70	10	85	0	55.46	-34.82	30.7
810	70	0	85	0	58.55	-40.19	33.67
811	70	100	70	0	27.27	28.99	-0.78
812	70	85	70	0	31.67	17.31	1.65
813	70	70	70	0	36.47	5.63	4.87
814	70	55	70	0	41.5	-5.29	8.34
815	70	40	70	0	46.45	-15.38	11.92
816	70	30	70	0	49.76	-21.77	14.37
817	70	20	70	0	52.94	-27.74	16.82
818	70	10	70	0	56.09	-33.42	19.32
819	70	0	70	0	59.18	-38.75	21.82
820	0	100	70	20	36.27	54.83	23.9
821	0	70	70	20	46.02	35.32	30.22
822	0	40	70	20	56.49	16.34	37.71
823	0	20	70	20	63.62	4.8	43.46
824	0	10	70	20	67.16	-0.54	46.38
825	0	0	70	20	70.68	-5.62	49.31
826	85	100	100	0	24.13	15.32	3.48
827	85	85	100	0	27.97	3.57	8.03
828	85	70	100	0	32.39	-7.81	12.77
829	85	55	100	0	36.78	-18.15	17.73
830	85	40	100	0	41.17	-27.84	22.69
831	85	30	100	0	44.16	-34.16	25.8
832	85	20	100	0	47.04	-40.07	28.98
833	85	10	100	0	49.9	-45.66	32.28
834	85	0	100	0	52.69	-50.98	35.77
835	85	100	85	0	24.14	16.31	-1.07
836	85	85	85	0	28.1	4.65	2.11
837	85	70	85	0	32.63	-6.77	5.78
838	85	55	85	0	37.15	-17.14	9.71
839	85	40	85	0	41.62	-26.97	13.84
840	85	30	85	0	44.64	-33.28	16.34
841	85	20	85	0	47.53	-39.16	19
842	85	10	85	0	50.37	-44.73	21.78
843	85	0	85	0	53.18	-49.97	24.78
844	85	100	70	0	24.22	18.21	-7.23
845	85	85	70	0	28.34	6.68	-4.95
846	85	70	70	0	32.99	-4.82	-1.89
847	85	55	70	0	37.66	-15.35	1.33
848	85	40	70	0	42.26	-25.11	4.59
849	85	30	70	0	45.32	-31.26	6.83
850	85	20	70	0	48.27	-37.06	9.01
851	85	10	70	0	51.16	-42.58	11.25
852	85	0	70	0	54.02	-47.92	13.37
853	10	100	70	20	34.36	51.13	20.25
854	10	70	70	20	43.99	31.48	26.66
855	10	40	70	20	54.16	12.56	34
856	10	20	70	20	61.06	1.19	39.64
857	10	10	70	20	64.47	-4.09	42.42
858	10	0	70	20	67.83	-9.03	45.16
859	100	100	100	0	20.99	1.92	-3.3
860	100	85	100	0	24.76	-9.52	0.49
861	100	70	100	0	28.84	-20.66	4.88
862	100	55	100	0	32.85	-30.67	9.42
863	100	40	100	0	36.94	-40.4	13.68
864	100	30	100	0	39.68	-46.63	16.44
865	100	20	100	0	42.31	-52.39	19.58
866	100	10	100	0	44.88	-57.83	22.87
867	100	0	100	0	47.23	-65.01	25.08
868	100	100	85	0	21.03	3.78	-8.31
869	100	85	85	0	24.94	-7.95	-5.08
870	100	70	85	0	29.19	-19.18	-1.55
871	100	55	85	0	33.37	-29.22	2.11
872	100	40	85	0	37.52	-38.75	5.95
873	100	30	85	0	40.31	-44.88	8.22
874	100	20	85	0	42.99	-50.67	10.59
875	100	10	85	0	45.63	-56.24	13.03
876	100	0	85	0	48.2	-61.35	15.72
877	100	100	70	0	21.13	6.23	-13.97
878	100	85	70	0	25.13	-5.41	-11.7
879	100	70	70	0	29.48	-16.72	-8.8
880	100	55	70	0	33.83	-26.84	-5.84
881	100	40	70	0	38.1	-36.32	-2.87
882	100	30	70	0	40.92	-42.29	-0.88
883	100	20	70	0	43.63	-47.99	1.08
884	100	10	70	0	46.3	-53.45	3.02
885	100	0	70	0	48.94	-58.64	4.87
886	20	100	70	20	32.44	47.22	16.6
887	20	70	70	20	41.95	27.44	23.04
888	20	40	70	20	51.81	8.71	30.31
889	20	20	70	20	58.48	-2.51	35.7
890	20	10	70	20	61.73	-7.66	38.31
891	20	0	70	20	64.95	-12.53	40.92
892	0	100	100	40	28.68	42.22	25.93
893	0	70	100	40	36.38	26.83	35.4
894	0	40	100	40	44.66	11.73	45.17
895	0	20	100	40	50.08	2.6	51.42
896	0	0	100	40	55.27	-5.67	57.27
897	0	100	70	40	29.02	43.61	18.44
898	0	70	70	40	36.81	27.86	23.81
899	0	40	70	40	45.33	12.66	30.1
900	0	20	70	40	50.93	3.44	34.65
901	0	0	70	40	56.34	-4.91	39.3
902	0	100	40	40	29.05	45.53	9.45
903	0	70	40	40	37.51	29.59	10.97
904	0	40	40	40	46.19	14.32	14.76
905	0	20	40	40	51.98	5.22	17.6
906	0	0	40	40	57.58	-3.04	20.73
907	0	100	20	40	29.11	47.08	3.38
908	0	70	20	40	37.83	31.06	2.93
909	0	40	20	40	46.88	15.83	4.88
910	0	20	20	40	52.76	6.8	6.85
911	0	0	20	40	58.5	-1.25	9.03
912	0	100	0	40	29.23	48.81	-2.57
913	0	70	0	40	38.18	32.79	-4.9
914	0	40	0	40	47.5	17.68	-4.41
915	0	20	0	40	53.59	8.78	-3.33
916	0	0	0	40	59.44	0.86	-1.81
917	100	0	0	70	23.87	-16.36	-21.25
918	100	85	85	100	10.71	0.04	2.62
919	40	100	70	20	28.68	38.81	9.3
920	40	70	70	20	37.86	18.95	15.83
921	40	40	70	20	47.01	0.54	22.61
922	40	20	70	20	53.12	-10.31	27.27
923	40	10	70	20	56.12	-15.36	29.65
924	40	0	70	20	59.06	-20.17	32.03
925	20	100	100	40	26.01	35.94	20.05
926	20	70	100	40	33.61	20.23	29.83
927	20	40	100	40	41.36	5.37	39.29
928	20	20	100	40	46.42	-3.57	45.16
929	20	0	100	40	51.23	-11.5	50.57
930	20	100	70	40	26.16	37.28	12.89
931	20	70	70	40	33.93	21.39	18.49
932	20	40	70	40	41.87	6.32	24.49
933	20	20	70	40	47.1	-2.65	28.74
934	20	0	70	40	52.1	-10.64	32.66
935	20	100	40	40	26.3	39.45	4.01
936	20	70	40	40	34.64	23.23	5.93
937	20	40	40	40	42.82	8.3	9.52
938	20	20	40	40	48.17	-0.53	12.08
939	20	0	40	40	53.3	-8.44	14.63
940	20	100	20	40	26.39	41.26	-2.05
941	20	70	20	40	34.93	24.98	-2.06
942	20	40	20	40	43.45	10.1	-0.11
943	20	20	20	40	48.95	1.4	1.62
944	20	0	20	40	54.11	-6.39	3.17
945	20	100	0	40	26.51	43.44	-7.63
946	20	70	0	40	35.3	27.27	-9.71
947	20	40	0	40	44.16	12.46	-9.33
948	20	20	0	40	49.83	3.86	-8.51
949	20	0	0	40	55.22	-3.76	-7.52
950	0	100	0	70	19.19	31.61	-0.52
951	100	85	85	80	12.73	-1.79	0.47
952	70	100	70	20	23.3	24.02	-1.14
953	70	70	70	20	31.47	3.88	4.42
954	70	40	70	20	39.68	-13.72	10.48
955	70	20	70	20	45.04	-24.09	14.57
956	70	10	70	20	47.63	-28.87	16.57
957	70	0	70	20	50.17	-33.35	18.58
958	40	100	100	40	23.29	28.88	14.24
959	40	70	100	40	30.47	13.16	23.84
960	40	40	100	40	37.72	-1.59	32.52
961	40	20	100	40	42.33	-10.21	37.77
962	40	0	100	40	46.75	-18.15	42.78
963	40	100	70	40	23.39	30.43	7.23
964	40	70	70	40	30.96	14.46	12.93
965	40	40	70	40	38.32	-0.28	18.53
966	40	20	70	40	43.07	-8.94	22.06
967	40	0	70	40	47.67	-16.85	25.67
968	40	100	40	40	23.47	33	-1.37
969	40	70	40	40	31.49	16.76	0.79
970	40	40	40	40	39.12	2.15	3.91
971	40	20	40	40	43.99	-6.48	5.97
972	40	0	40	40	48.68	-14.22	8.23
973	40	100	20	40	23.64	35.08	-7.21
974	40	70	20	40	31.84	18.84	-7.14
975	40	40	20	40	39.79	4.47	-5.46
976	40	20	20	40	44.83	-4	-4.3
977	40	0	20	40	49.63	-11.64	-3.03
978	40	100	0	40	23.67	37.37	-13.04
979	40	70	0	40	32.26	21.46	-14.79
980	40	40	0	40	40.39	7.11	-14.72
981	40	20	0	40	45.64	-1.07	-14.33
982	40	0	0	40	50.6	-8.52	-13.72
983	0	0	100	70	34.29	-4.07	34.73
984	100	85	85	60	15.38	-3.35	-1.52
985	100	100	70	20	18.8	4.28	-11.17
986	100	70	70	20	25.46	-13.96	-7.59
987	100	40	70	20	32.71	-31.01	-2.76
988	100	20	70	20	37.29	-41.1	0.46
989	100	10	70	20	39.47	-45.72	2.11
990	100	0	70	20	41.59	-50.15	3.68
991	70	100	100	40	19.46	16.38	5.85
992	70	70	100	40	25.6	0.45	13.36
993	70	40	100	40	31.9	-13.48	20.84
994	70	20	100	40	35.9	-21.96	25.38
995	70	0	100	40	39.73	-29.67	29.68
996	70	100	70	40	19.42	18.63	-0.81
997	70	70	70	40	26.12	2.58	3.99
998	70	40	70	40	32.6	-11.69	8.69
999	70	20	70	40	36.78	-20.13	11.8
1000	70	0	70	40	40.73	-27.66	14.68
1001	70	100	40	40	19.61	21.4	-9.26
1002	70	70	40	40	26.69	5.93	-7.28
1003	70	40	40	40	33.38	-8.03	-5.26
1004	70	20	40	40	37.69	-16.35	-3.88
1005	70	0	40	40	41.75	-23.81	-2.3
1006	70	100	20	40	19.64	24.01	-15.22
1007	70	70	20	40	26.97	8.67	-15.08
1008	70	40	20	40	33.98	-4.94	-14.35
1009	70	20	20	40	38.37	-13.03	-13.71
1010	70	0	20	40	42.53	-20.3	-13.11
1011	70	100	0	40	19.68	26.97	-21.11
1012	70	70	0	40	27.23	11.71	-22.82
1013	70	40	0	40	34.54	-1.24	-23.33
1014	70	20	0	40	39.09	-9.01	-23.44
1015	70	0	0	40	43.28	-16.02	-23.42
1016	100	100	0	70	12.81	9.5	-15.84
1017	80	65	65	100	11.45	0.07	2.34
1018	0	100	100	20	35.91	53.57	34.55
1019	0	70	100	20	45.52	34.48	45.64
1020	0	40	100	20	55.84	15.61	57.19
1021	0	20	100	20	62.74	4.15	64.89
1022	0	10	100	20	66.09	-1.16	68.6
1023	0	0	100	20	69.45	-6.27	72.33
1024	100	100	100	40	16.03	1.8	-2.02
1025	100	70	100	40	21.05	-13.66	2.29
1026	100	40	100	40	26.42	-27.74	8.28
1027	100	20	100	40	29.92	-36.11	12.2
1028	100	0	100	40	33.25	-43.72	15.96
1029	100	100	70	40	16.29	3.18	-8.33
1030	100	70	70	40	21.28	-10.89	-5.87
1031	100	40	70	40	26.93	-24.93	-2.45
1032	100	20	70	40	30.56	-33.3	-0.08
1033	100	0	70	40	33.88	-40.87	2.33
1034	100	100	40	40	16.36	7.46	-16.63
1035	100	70	40	40	21.8	-6.34	-16.6
1036	100	40	40	40	27.55	-19.74	-15.12
1037	100	20	40	40	31.43	-27.84	-14.08
1038	100	0	40	40	35.06	-35.14	-12.98
1039	100	100	20	40	16.42	10.99	-22.46
1040	100	70	20	40	22.12	-2.39	-23.73
1041	100	40	20	40	28.04	-15.31	-23.66
1042	100	20	20	40	31.91	-23.2	-23.41
1043	100	0	20	40	35.76	-30.21	-23.07
1044	100	100	0	40	16.5	14.93	-28.26
1045	100	70	0	40	22.48	2.14	-30.89
1046	100	40	0	40	28.57	-10.17	-31.96
1047	100	20	0	40	32.51	-17.6	-32.46
1048	100	0	0	40	36.32	-24.48	-32.8
1049	100	0	100	70	22.61	-27.48	9.69
1050	80	65	65	80	15.61	-1.41	1.24
1051	10	100	100	20	34.1	49.86	30.61
1052	10	70	100	20	43.55	30.51	41.78
1053	10	40	100	20	53.56	11.74	53.17
1054	10	20	100	20	60.2	0.42	60.64
1055	10	10	100	20	63.44	-4.86	64.2
1056	10	0	100	20	66.71	-9.74	67.89
1057	0	100	100	60	21.98	30.72	18.08
1058	0	70	100	60	27.46	19.58	25.32
1059	0	40	100	60	33.68	8.29	33.03
1060	0	20	100	60	37.62	1.48	37.87
1061	0	0	100	60	41.31	-4.7	42.29
1062	0	100	70	60	22.33	32.33	13.5
1063	0	70	70	60	27.84	20.61	17.68
1064	0	40	70	60	34.38	9.26	22.62
1065	0	20	70	60	38.49	2.32	26.05
1066	0	0	70	60	42.35	-3.97	29.56
1067	0	100	40	60	22.19	34.15	7.29
1068	0	70	40	60	28.57	22.52	8.39
1069	0	40	40	60	34.95	10.82	11.16
1070	0	20	40	60	39.24	3.94	13.28
1071	0	0	40	60	43.26	-2.27	15.52
1072	0	100	20	60	22.2	35.63	2.95
1073	0	70	20	60	28.77	23.79	2.41
1074	0	40	20	60	35.51	12.21	3.87
1075	0	20	20	60	39.81	5.25	5.36
1076	0	0	20	60	43.93	-0.81	6.9
1077	0	100	0	60	22.38	37.35	-1.36
1078	0	70	0	60	28.96	25.24	-3.39
1079	0	40	0	60	35.91	13.74	-2.97
1080	0	20	0	60	40.4	6.92	-2.1
1081	0	0	0	60	44.64	0.85	-0.85
1082	0	100	100	70	18.84	24.84	14.16
1083	80	65	65	60	20.43	-2.56	0.33
1084	20	100	100	20	32.29	45.82	26.68
1085	20	70	100	20	41.55	26.31	37.88
1086	20	40	100	20	51.24	7.73	49.08
1087	20	20	100	20	57.64	-3.48	56.31
1088	20	10	100	20	60.8	-8.55	59.85
1089	20	0	100	20	63.94	-13.4	63.38
1090	20	100	100	60	20.18	25.96	14.13
1091	20	70	100	60	25.81	14.52	21.75
1092	20	40	100	60	31.56	3.42	29.12
1093	20	20	100	60	35.25	-3.3	33.64
1094	20	0	100	60	38.72	-9.25	37.55
1095	20	100	70	60	20.38	27.4	9.74
1096	20	70	70	60	26.08	15.61	14.07
1097	20	40	70	60	32.06	4.3	18.68
1098	20	20	70	60	35.86	-2.47	21.83
1099	20	0	70	60	39.43	-8.46	24.5
1100	20	100	40	60	20.4	29.47	3.41
1101	20	70	40	60	26.8	17.47	4.93
1102	20	40	40	60	32.74	6.01	7.43
1103	20	20	40	60	36.65	-0.65	9.32
1104	20	0	40	60	40.22	-6.58	10.92
1105	20	100	20	60	20.47	31.22	-1.05
1106	20	70	20	60	26.87	18.95	-1.16
1107	20	40	20	60	33.17	7.64	0.23
1108	20	20	20	60	37.18	0.95	1.47
1109	20	0	20	60	40.71	-4.91	2.36
1110	20	100	0	60	20.42	33.16	-5.1
1111	20	70	0	60	27.06	21	-6.86
1112	20	40	0	60	33.66	9.66	-6.58
1113	20	20	0	60	37.81	3.04	-5.96
1114	20	0	0	60	41.66	-2.81	-5.21
1115	40	40	0	70	26.24	4.81	-8.52
1116	80	65	65	40	25.67	-3.42	-0.41
1117	40	100	100	20	28.61	37.17	18.92
1118	40	70	100	20	37.37	17.48	29.97
1119	40	40	100	20	46.33	-0.91	40.27
1120	40	20	100	20	52.25	-11.65	47.02
1121	40	10	100	20	55.16	-16.66	50.32
1122	40	0	100	20	58.03	-21.49	53.62
1123	40	100	100	60	18.34	20.68	10.14
1124	40	70	100	60	23.66	9.21	17.54
1125	40	40	100	60	29.09	-1.85	24.37
1126	40	20	100	60	32.45	-8.39	28.16
1127	40	0	100	60	35.61	-14.4	31.77
1128	40	100	70	60	18.53	22.19	5.81
1129	40	70	70	60	24.1	10.34	10.04
1130	40	40	70	60	29.62	-0.69	14.39
1131	40	20	70	60	33.03	-7.24	16.79
1132	40	0	70	60	36.29	-13.21	19.26
1133	40	100	40	60	18.52	24.68	-0.45
1134	40	70	40	60	24.46	12.55	1.13
1135	40	40	40	60	30.13	1.36	3.27
1136	40	20	40	60	33.55	-5.18	4.56
1137	40	0	40	60	36.78	-11.02	5.96
1138	40	100	20	60	18.52	26.44	-4.8
1139	40	70	20	60	24.69	14.23	-4.91
1140	40	40	20	60	30.58	3.33	-3.75
1141	40	20	20	60	34.21	-3.17	-3.03
1142	40	0	20	60	37.6	-8.99	-2.3
1143	40	100	0	60	18.46	28.42	-9.14
1144	40	70	0	60	24.94	16.53	-10.64
1145	40	40	0	60	30.96	5.5	-10.66
1146	40	20	0	60	34.78	-0.83	-10.46
1147	40	0	0	60	38.32	-6.52	-10.04
1148	40	0	40	70	30.83	-9.29	4.8
1149	60	45	45	100	12.44	-0.12	1.26
1150	70	100	100	20	23.34	21.57	7.67
1151	70	70	100	20	30.87	1.57	16.59
1152	70	40	100	20	38.89	-15.78	26.21
1153	70	20	100	20	44.03	-26.17	32.08
1154	70	10	100	20	46.52	-31.03	34.85
1155	70	0	100	20	48.95	-35.66	37.55
1156	70	100	100	60	15.87	11.42	4.48
1157	70	70	100	60	20.36	-0.13	10.29
1158	70	40	100	60	24.94	-10.67	15.51
1159	70	20	100	60	27.82	-17.2	18.72
1160	70	0	100	60	30.62	-23.14	21.91
1161	70	100	70	60	15.86	13.46	0.15
1162	70	70	70	60	20.76	1.75	3.64
1163	70	40	70	60	25.48	-9.13	6.9
1164	70	20	70	60	28.43	-15.67	9.03
1165	70	0	70	60	31.23	-21.43	10.88
1166	70	100	40	60	15.88	15.81	-6.1
1167	70	70	40	60	21.06	4.49	-4.79
1168	70	40	40	60	25.98	-6.17	-3.67
1169	70	20	40	60	29.12	-12.58	-2.84
1170	70	0	40	60	32	-18.31	-1.9
1171	70	100	20	60	15.83	17.93	-10.66
1172	70	70	20	60	21.19	6.75	-10.76
1173	70	40	20	60	26.41	-3.75	-10.56
1174	70	20	20	60	29.56	-10.02	-10.24
1175	70	0	20	60	32.55	-15.62	-10
1176	70	100	0	60	15.88	20.26	-15.14
1177	70	70	0	60	21.21	9.02	-16.69
1178	70	40	0	60	26.7	-0.91	-17.4
1179	70	20	0	60	30	-6.93	-17.6
1180	70	0	0	60	32.97	-12.42	-17.65
1181	0	40	40	70	29.45	9.12	9.45
1182	60	45	45	80	19.12	-1.39	0.61
1183	100	100	100	20	18.37	2.16	-3.29
1184	100	70	100	20	24.99	-17.42	3.17
1185	100	40	100	20	31.86	-34.37	10.84
1186	100	20	100	20	36.27	-44.5	15.73
1187	100	10	100	20	38.36	-49.19	18.15
1188	100	0	100	20	40.42	-53.7	20.5
1189	100	100	100	60	13.81	1.21	-0.45
1190	100	70	100	60	17.21	-9.7	2.14
1191	100	40	100	60	21.02	-20.71	6.25
1192	100	20	100	60	23.59	-27.25	9.03
1193	100	0	100	60	26.12	-33.11	11.82
1194	100	100	70	60	13.84	2.45	-5.21
1195	100	70	70	60	17.28	-7.77	-3.78
1196	100	40	70	60	21.28	-18.5	-1.6
1197	100	20	70	60	23.9	-25.04	-0.13
1198	100	0	70	60	26.29	-30.98	1.27
1199	100	100	40	60	13.79	5.69	-11.45
1200	100	70	40	60	17.66	-4.27	-12.07
1201	100	40	40	60	21.71	-14.72	-11.34
1202	100	20	40	60	24.55	-21.09	-10.77
1203	100	0	40	60	27.23	-26.85	-10.18
1204	100	100	20	60	13.8	8.41	-15.88
1205	100	70	20	60	17.75	-1.29	-17.62
1206	100	40	20	60	22.04	-11.35	-17.91
1207	100	20	20	60	24.83	-17.72	-17.93
1208	100	0	20	60	27.7	-23.31	-17.83
1209	100	100	0	60	13.86	11.37	-20.21
1210	100	70	0	60	17.87	2.12	-23.06
1211	100	40	0	60	22.28	-7.47	-24.19
1212	100	20	0	60	25.17	-13.52	-24.74
1213	100	0	0	60	27.96	-19.24	-25.18
1214	0	0	0	0	89.17	1.27	-3.08
1215	60	45	45	60	26.4	-2.29	0.14
1216	40	27	27	60	32.8	-1.77	-0.72
1217	20	12	12	80	26.58	-0.29	-0.35
1218	10	6	6	20	68.98	0.13	-2.57
1219	0	100	0	100	11.26	13.08	3.44
1220	0	40	0	100	13.83	5.8	1.19
1221	0	0	0	100	15.01	1.27	1.01
1222	0	100	40	80	16.28	22.55	5.85
1223	0	70	40	80	20.16	15.47	6.2
1224	0	40	40	80	24.15	7.42	7.74
1225	0	0	40	80	29.29	-1.39	10.27
1226	0	100	0	80	16.29	25.64	0.57
1227	0	70	0	80	20.23	17.64	-1.25
1228	0	40	0	80	24.6	9.85	-1.14
1229	0	0	0	80	29.84	0.96	0.16
1230	3	40	3	40	46.9	16.55	-3.76
1231	40	40	3	40	40.3	6.7	-13.35
1232	3	0	40	40	56.95	-3.84	19.83
1233	0	3	40	40	56.76	-1.84	20.24
1234	3	3	40	40	56.16	-2.69	19.4
1235	40	3	40	40	48.01	-13.1	7.89
1236	3	40	40	40	45.69	13.42	13.97
1237	7	7	0	0	83.49	3.02	-6.83
1238	7	0	7	0	86.12	-2.08	-0.26
1239	0	7	7	0	85.45	4.22	1.91
1240	7	7	7	0	83.04	1.93	-1.02
1241	7	0	0	7	81.6	-1.02	-5.94
1242	0	7	0	7	80.89	5.02	-3.7
1243	7	7	0	7	78.68	2.72	-6.41
1244	0	0	7	7	83.52	0.04	2.83
1245	7	0	7	7	81.12	-2.09	-0.26
1246	0	7	7	7	80.47	3.88	1.76
1247	7	7	7	7	78.24	1.68	-0.98
1248	60	45	45	40	34	-2.79	-0.31
1249	40	27	27	40	42.84	-2.09	-1.27
1250	20	12	12	60	38.97	-0.72	-1.13
1251	10	6	6	10	75.72	0.25	-2.88
1252	40	100	0	100	10.83	10.31	1.42
1253	40	40	0	100	12.74	3.07	-1.82
1254	40	0	0	100	14.11	-1.25	-2.3
1255	40	100	40	80	14.32	16.43	1.03
1256	40	70	40	80	17.82	8.53	1.7
1257	40	40	40	80	21.36	0.94	2.61
1258	40	0	40	80	25.11	-7.47	3.72
1259	40	100	0	80	14.07	19.46	-4.36
1260	40	70	0	80	18	11.74	-5.92
1261	40	40	0	80	21.64	4.17	-6.36
1262	40	0	0	80	26.11	-4.17	-6.3
1263	0	3	40	3	83.28	-2.25	30.87
1264	3	3	40	3	82.26	-3.35	29.5
1265	40	3	40	3	69.06	-17.58	11.48
1266	0	40	40	3	67.01	21.48	21.73
1267	3	40	40	3	66.15	20.3	20.46
1268	40	40	40	3	55.31	4.65	5.05
1269	3	0	0	40	58.81	0.14	-2.66
1270	0	3	0	40	58.58	1.99	-2.06
1271	3	3	0	40	57.98	1.26	-2.86
1272	40	3	0	40	49.89	-7.45	-13.82
1273	3	40	0	40	47.01	16.9	-5.14
1274	0	0	3	40	59.29	0.51	-0.21
1275	3	0	3	40	58.64	-0.24	-1.06
1276	40	0	3	40	50.46	-9.04	-12.12
1277	0	3	3	40	58.43	1.65	-0.44
1278	3	3	3	40	57.83	0.88	-1.24
1279	40	3	3	40	49.75	-7.97	-12.22
1280	0	40	3	40	47.41	17.4	-3.02
1281	60	45	45	20	41.53	-2.92	-0.73
1282	40	27	27	20	52.77	-2.05	-1.83
1283	20	12	12	40	51.44	-0.86	-1.91
1284	100	85	85	0	24.94	-7.95	-5.08
1285	100	100	0	100	9.63	6.81	-2.36
1286	100	40	0	100	10.97	-0.18	-6.09
1287	100	0	0	100	12.28	-5.08	-7.26
1288	70	100	40	80	12.74	10.45	-2.35
1289	70	70	40	80	15.73	3.36	-2.08
1290	70	40	40	80	18.88	-3.93	-1.92
1291	70	0	40	80	22.43	-12.28	-1.29
1292	70	100	0	80	12.6	13.93	-8.43
1293	70	70	0	80	15.54	6.84	-10
1294	70	40	0	80	19.06	-0.15	-10.96
1295	70	0	0	80	22.83	-8.23	-11.58
1296	0	3	0	3	85.57	2.95	-3.36
1297	3	3	0	3	84.57	1.93	-4.57
1298	40	3	0	3	71.65	-9.9	-21.15
1299	0	40	0	3	68.74	26.19	-6.53
1300	3	40	0	3	67.88	25.09	-7.65
1301	40	40	0	3	57.1	11.24	-21.85
1302	0	0	3	3	86.75	0.72	-0.43
1303	3	0	3	3	85.67	-0.2	-1.82
1304	40	0	3	3	72.56	-12.13	-18.62
1305	0	3	3	3	85.38	2.43	-0.91
1306	3	3	3	3	84.38	1.48	-2.14
1307	40	3	3	3	71.46	-10.62	-18.81
1308	0	40	3	3	68.59	25.75	-4.46
1309	3	40	3	3	67.73	24.68	-5.61
1310	40	40	3	3	56.96	10.62	-19.86
1311	0	0	40	3	84.59	-3.99	31.68
1312	3	0	40	3	83.5	-5.06	30.2
1313	40	0	40	3	70.11	-19.18	12.03
1314	40	27	27	100	13.45	0.03	0.37
1315	40	27	27	10	57.54	-1.94	-2.19
1316	20	12	12	20	63.84	-0.8	-2.65
1317	80	65	65	0	35.87	-4.17	-1.4
1318	0	100	40	100	11.64	10.53	5.27
1319	0	40	40	100	14.08	3.94	4.49
1320	0	0	40	100	15.69	-0.38	4.46
1321	100	100	40	80	11.63	4.46	-5.84
1322	100	70	40	80	13.94	-1.92	-6.91
1323	100	40	40	80	16.32	-9.12	-6.98
1324	100	0	40	80	19.68	-17.74	-6.82
1325	100	100	0	80	11.68	8.25	-11.5
1326	100	70	0	80	13.66	2.63	-14.35
1327	100	40	0	80	16.37	-4.13	-15.58
1328	100	0	0	80	19.9	-12.89	-16.89
1329	3	3	0	0	86.73	2.02	-4.69
1330	40	3	0	0	73.39	-10.04	-21.77
1331	3	40	0	0	69.56	25.83	-7.84
1332	3	0	3	0	87.86	-0.16	-1.86
1333	40	0	3	0	74.33	-12.33	-19.18
1334	0	3	3	0	87.57	2.53	-0.93
1335	3	3	3	0	86.53	1.56	-2.18
1336	40	3	3	0	73.19	-10.78	-19.37
1337	0	40	3	0	70.31	26.5	-4.56
1338	3	40	3	0	69.42	25.42	-5.74
1339	40	40	3	0	58.29	11.02	-20.37
1340	3	0	40	0	85.67	-5.12	31.09
1341	0	3	40	0	85.45	-2.24	31.78
1342	3	3	40	0	84.39	-3.35	30.37
1343	40	3	40	0	70.75	-17.89	11.76
1344	3	40	40	0	67.82	20.92	21.02
1345	3	0	0	3	85.88	0.26	-4.37
1346	40	0	0	3	72.79	-11.41	-21.07
1347	40	27	27	80	22.93	-1.05	-0.16
1348	20	12	12	100	14.38	0.46	0.37
1349	20	12	12	10	69.89	-0.68	-3.08
1350	60	45	45	0	48.61	-2.65	-1.26
1351	40	100	40	100	11.16	7.71	3.18
1352	40	40	40	100	13.07	0.8	1.94
1353	40	0	40	100	14.01	-3.31	1.48
1354	0	100	100	80	16.18	19.1	11.18
1355	0	70	100	80	19.3	12.38	15.77
1356	0	40	100	80	23.31	4.9	20.96
1357	0	0	100	80	27.8	-3.56	26.83
1358	0	100	70	80	16.5	20.93	9.4
1359	0	70	70	80	19.6	13.54	12.08
1360	0	40	70	80	23.9	6.06	15.23
1361	0	0	70	80	28.81	-2.84	19.52
1362	0	0	0	100	15.01	1.27	1.01
1363	0	0	0	98	16.5	1.17	0.97
1364	0	0	0	95	18.7	1.16	0.78
1365	0	0	0	90	22.41	1.08	0.57
1366	0	0	0	85	26.12	1.02	0.37
1367	0	0	0	80	29.84	0.96	0.16
1368	0	0	0	75	33.55	0.9	-0.04
1369	0	0	0	70	37.25	0.87	-0.31
1370	0	0	0	60	44.64	0.85	-0.85
1371	0	0	0	50	52.04	0.85	-1.36
1372	0	0	0	40	59.44	0.86	-1.81
1373	0	0	0	30	66.85	0.93	-2.26
1374	0	0	0	25	70.55	0.98	-2.48
1375	0	0	0	20	74.27	1	-2.6
1376	0	0	0	15	78	1.04	-2.72
1377	0	0	0	10	81.73	1.09	-2.83
1378	0	0	0	7	83.97	1.13	-2.91
1379	0	0	0	5	85.45	1.17	-2.96
1380	0	0	0	3	86.94	1.21	-3.01
1381	0	0	0	2	87.69	1.23	-3.03
1382	10	6	6	100	14.73	0.67	0.7
1383	40	27	27	0	62.34	-1.71	-2.54
1384	100	100	40	100	10.07	3.8	0.19
1385	100	40	40	100	11.63	-2.98	-1.91
1386	100	0	40	100	12.64	-7.75	-2.75
1387	40	100	100	80	14.22	12.58	6.83
1388	40	70	100	80	17.41	5.46	11.39
1389	40	40	100	80	20.8	-1.88	15.73
1390	40	0	100	80	24.79	-10.29	20.27
1391	40	100	70	80	14.36	14.06	5.03
1392	40	70	70	80	17.72	6.49	7.35
1393	40	40	70	80	21.24	-0.77	10.14
1394	40	0	70	80	25.15	-9.29	12.72
1395	0	0	100	0	84.01	-6.28	88.07
1396	0	0	98	0	84.09	-6.32	86.18
1397	0	0	95	0	84.22	-6.37	83.37
1398	0	0	90	0	84.43	-6.39	78.7
1399	0	0	85	0	84.65	-6.35	74.04
1400	0	0	80	0	84.87	-6.26	69.39
1401	0	0	75	0	85.1	-6.13	64.76
1402	0	0	70	0	85.32	-5.97	60.12
1403	0	0	60	0	85.8	-5.5	50.9
1404	0	0	50	0	86.3	-4.84	41.75
1405	0	0	40	0	86.81	-4.02	32.62
1406	0	0	30	0	87.35	-3	23.57
1407	0	0	25	0	87.63	-2.43	19.07
1408	0	0	20	0	87.92	-1.78	14.6
1409	0	0	15	0	88.22	-1.08	10.15
1410	0	0	10	0	88.53	-0.35	5.73
1411	0	0	7	0	88.72	0.11	3.09
1412	0	0	5	0	88.84	0.44	1.33
1413	0	0	3	0	88.97	0.76	-0.43
1414	0	0	2	0	89.04	0.93	-1.32
1415	10	6	6	80	28.21	0.22	-0.1
1416	20	12	12	0	76.01	-0.45	-3.5
1417	0	100	100	100	11.95	7.58	6.72
1418	0	40	100	100	13.94	1.27	8.8
1419	0	0	100	100	15.55	-2.62	10.1
1420	70	100	100	80	12.91	6.67	3.57
1421	70	70	100	80	15.52	-0.35	7.29
1422	70	40	100	80	18.36	-7.44	10.39
1423	70	0	100	80	21.8	-16.03	14.16
1424	70	100	70	80	12.88	8.52	1.7
1425	70	70	70	80	15.77	1.26	3.44
1426	70	40	70	80	18.67	-6.11	5.35
1427	70	0	70	80	21.98	-14.63	7.32
1428	0	100	0	0	44.18	71.64	-2.01
1429	0	98	0	0	44.98	70.18	-2.52
1430	0	95	0	0	46.18	67.96	-3.28
1431	0	90	0	0	48.22	64.24	-4.33
1432	0	85	0	0	50.3	60.51	-5.23
1433	0	80	0	0	52.41	56.75	-5.98
1434	0	75	0	0	54.57	52.95	-6.52
1435	0	70	0	0	56.8	49.07	-6.8
1436	0	60	0	0	61.31	41.46	-7.06
1437	0	50	0	0	65.86	34.1	-7.04
1438	0	40	0	0	70.46	26.96	-6.69
1439	0	30	0	0	75.09	20.11	-6.12
1440	0	25	0	0	77.42	16.8	-5.75
1441	0	20	0	0	79.76	13.57	-5.3
1442	0	15	0	0	82.1	10.4	-4.8
1443	0	10	0	0	84.45	7.31	-4.27
1444	0	7	0	0	85.86	5.46	-3.93
1445	0	5	0	0	86.81	4.26	-3.69
1446	0	3	0	0	87.75	3.07	-3.45
1447	0	2	0	0	88.22	2.47	-3.32
1448	10	6	6	60	41.79	-0.01	-0.97
1449	10	6	6	0	82.49	0.48	-3.21
1450	40	100	100	100	11.35	4.28	4.77
1451	40	40	100	100	13.14	-1.75	6.43
1452	40	0	100	100	14.39	-5.79	7.72
1453	100	100	100	80	11.88	0.87	1.13
1454	100	70	100	80	13.77	-5.56	2.43
1455	100	40	100	80	15.98	-13.42	4.75
1456	100	0	100	80	19.17	-21.97	7.94
1457	100	100	70	80	11.79	2.1	-1.61
1458	100	70	70	80	13.76	-4.53	-1.3
1459	100	40	70	80	16.08	-11.7	-0.17
1460	100	0	70	80	19.09	-20.6	0.8
1461	100	0	0	0	52.91	-32.6	-48.44
1462	98	0	0	0	53.63	-31.77	-47.55
1463	95	0	0	0	54.68	-30.55	-46.25
1464	90	0	0	0	56.47	-28.63	-44.05
1465	85	0	0	0	58.26	-26.81	-41.86
1466	80	0	0	0	60.07	-25.09	-39.68
1467	75	0	0	0	61.89	-23.49	-37.51
1468	70	0	0	0	63.68	-21.68	-35.26
1469	60	0	0	0	67.29	-18.18	-30.75
1470	50	0	0	0	70.93	-14.88	-26.26
1471	40	0	0	0	74.56	-11.58	-21.7
1472	30	0	0	0	78.21	-8.34	-17.13
1473	25	0	0	0	80.03	-6.75	-14.85
1474	20	0	0	0	81.86	-5.14	-12.5
1475	15	0	0	0	83.7	-3.54	-10.14
1476	10	0	0	0	85.52	-1.94	-7.78
1477	7	0	0	0	86.61	-0.98	-6.38
1478	5	0	0	0	87.34	-0.34	-5.44
1479	3	0	0	0	88.07	0.3	-4.49
1480	2	0	0	0	88.44	0.63	-4.02
1481	10	6	6	40	55.41	-0.03	-1.81
1482	5	3	3	0	85.8	0.91	-3.12
1483	100	100	100	100	10.43	1.1	2.91
1484	100	40	100	100	11.48	-6.06	3.5
1485	100	0	100	100	12.63	-10.87	4.65
1486	0	0	0	10	81.73	1.09	-2.83
1487	0	0	10	10	81.11	-0.41	5.08
1488	0	0	20	10	80.54	-1.73	13.05
1489	0	0	40	10	79.46	-3.87	29.48
1490	0	0	70	10	77.97	-5.85	54.71
1491	0	10	0	10	77.49	6.52	-3.91
1492	0	10	10	10	76.91	5.01	3.54
1493	0	10	20	10	76.38	3.72	11.19
1494	0	10	40	10	75.35	1.67	27.02
1495	0	10	70	10	73.96	-0.25	51.33
1496	0	20	0	10	73.24	12.2	-4.85
1497	0	20	10	10	72.71	10.74	2.27
1498	0	20	20	10	72.2	9.45	9.45
1499	0	20	40	10	71.24	7.49	24.6
1500	0	20	70	10	69.93	5.63	47.97
1501	0	40	0	10	64.75	24.44	-6.18
1502	0	40	10	10	64.3	23.09	0.28
1503	0	40	20	10	63.87	21.9	6.73
1504	0	40	40	10	63.08	20.03	20.38
1505	0	40	70	10	61.95	18.33	41.56
1506	0	70	0	10	52.15	44.78	-6.43
1507	0	70	10	10	51.87	43.57	-1.06
1508	0	70	20	10	51.6	42.48	4.36
1509	0	70	40	10	51.11	40.75	15.45
1510	0	70	70	10	50.4	39.09	33.23
1511	10	0	0	10	78.5	-1.92	-7
1512	10	0	10	10	77.82	-3.45	0.83
1513	10	0	20	10	77.23	-4.91	8.73
1514	10	0	40	10	76.13	-7.29	24.95
1515	10	0	70	10	74.63	-9.52	49.92
1516	10	10	0	10	74.49	3.3	-7.63
1517	10	10	10	10	73.88	1.83	-0.24
1518	10	10	20	10	73.33	0.4	7.34
1519	10	10	40	10	72.3	-1.88	22.86
1520	10	10	70	10	70.9	-4.09	46.87
1521	10	20	0	10	70.39	8.87	-8.45
1522	10	20	10	10	69.82	7.46	-1.38
1523	10	20	20	10	69.3	6.05	5.73
1524	10	20	40	10	68.34	3.85	20.59
1525	10	20	70	10	67.03	1.71	43.64
1526	10	40	0	10	62.15	20.94	-9.63
1527	10	40	10	10	61.68	19.58	-3.28
1528	10	40	20	10	61.25	18.27	3.12
1529	10	40	40	10	60.45	16.23	16.51
1530	10	40	70	10	59.3	14.24	37.38
1531	10	70	0	10	49.87	41.03	-9.83
1532	10	70	10	10	49.58	39.84	-4.63
1533	10	70	20	10	49.3	38.66	0.75
1534	10	70	40	10	48.79	36.75	11.73
1535	10	70	70	10	48.08	34.93	29.2
1536	20	0	0	10	75.26	-4.9	-11.18
1537	20	0	10	10	74.58	-6.61	-3.44
1538	20	0	20	10	73.93	-8.12	4.38
1539	20	0	40	10	72.81	-10.78	20.39
1540	20	0	70	10	71.29	-13.33	45.07
1541	20	10	0	10	71.4	0.21	-11.72
1542	20	10	10	10	70.79	-1.44	-4.4
1543	20	10	20	10	70.18	-2.9	3.11
1544	20	10	40	10	69.13	-5.46	18.44
1545	20	10	70	10	67.72	-7.97	42.15
1546	20	20	0	10	67.5	5.59	-12.13
1547	20	20	10	10	66.92	4.02	-5.14
1548	20	20	20	10	66.37	2.62	1.93
1549	20	20	40	10	65.4	0.15	16.56
1550	20	20	70	10	64.09	-2.32	39.22
1551	20	40	0	10	59.53	17.44	-13.11
1552	20	40	10	10	59.05	15.92	-6.82
1553	20	40	20	10	58.6	14.64	-0.46
1554	20	40	40	10	57.79	12.36	12.72
1555	20	40	70	10	56.65	10.05	33.21
1556	20	70	0	10	47.57	37.28	-13.2
1557	20	70	10	10	47.29	35.95	-8.05
1558	20	70	20	10	47	34.76	-2.84
1559	20	70	40	10	46.47	32.64	8.03
1560	20	70	70	10	45.76	30.56	25.16
1561	40	0	0	10	68.66	-10.96	-19.61
1562	40	0	10	10	67.96	-13.12	-12
1563	40	0	20	10	67.31	-15.03	-4.35
1564	40	0	40	10	66.13	-18.35	11.36
1565	40	0	70	10	64.61	-21.64	35.14
1566	40	10	0	10	65.07	-6.07	-19.94
1567	40	10	10	10	64.49	-8.16	-12.75
1568	40	10	20	10	63.88	-10.01	-5.4
1569	40	10	40	10	62.76	-13.19	9.62
1570	40	10	70	10	61.34	-16.4	32.5
1571	40	20	0	10	61.43	-0.89	-20.15
1572	40	20	10	10	60.9	-2.92	-13.3
1573	40	20	20	10	60.36	-4.68	-6.38
1574	40	20	40	10	59.32	-7.76	7.95
1575	40	20	70	10	58	-10.87	29.81
1576	40	40	0	10	54.02	10.33	-20.54
1577	40	40	10	10	53.6	8.52	-14.25
1578	40	40	20	10	53.16	6.9	-7.99
1579	40	40	40	10	52.3	4.07	4.83
1580	40	40	70	10	51.21	1.08	24.6
1581	40	70	0	10	42.83	29.61	-20.38
1582	40	70	10	10	42.58	27.95	-15.2
1583	40	70	20	10	42.32	26.48	-10.03
1584	40	70	40	10	41.77	23.94	0.59
1585	40	70	70	10	41.06	21.32	17.05
1586	70	0	0	10	58.65	-20.45	-32.2
1587	70	0	10	10	57.96	-23.49	-24.92
1588	70	0	20	10	57.3	-26.26	-17.62
1589	70	0	40	10	56.17	-31.05	-2.67
1590	70	0	70	10	54.66	-36.1	20.19
1591	70	10	0	10	55.56	-15.98	-32.11
1592	70	10	10	10	54.97	-18.92	-25.3
1593	70	10	20	10	54.34	-21.63	-18.27
1594	70	10	40	10	53.26	-26.22	-3.98
1595	70	10	70	10	51.85	-31.19	17.95
1596	70	20	0	10	52.4	-11.23	-31.97
1597	70	20	10	10	51.86	-14.08	-25.45
1598	70	20	20	10	51.3	-16.67	-18.87
1599	70	20	40	10	50.29	-21.11	-5.24
1600	70	20	70	10	48.98	-25.98	15.69
1601	70	40	0	10	45.88	-0.83	-31.74
1602	70	40	10	10	45.45	-3.46	-25.74
1603	70	40	20	10	45	-5.89	-19.79
1604	70	40	40	10	44.19	-10.03	-7.6
1605	70	40	70	10	43.05	-14.63	11.19
1606	70	70	0	10	35.78	16.97	-31.13
1607	70	70	10	10	35.54	14.69	-26.08
1608	70	70	20	10	35.27	12.62	-21.04
1609	70	70	40	10	34.76	8.96	-10.77
1610	70	70	70	10	33.94	4.67	4.61
1611	50	40	40	0	53.54	1.11	-0.12
1612	100	0	0	10	48.91	-30.8	-44.4
1613	0	100	0	10	40.39	65.9	-2.49
1614	0	0	100	10	76.73	-6.32	80.21
1615	0	100	100	10	39.62	59.25	38.9
1616	100	0	100	10	43.97	-58.42	23.34
1617	100	100	0	10	20.53	21.1	-38.73
END_DATA							